# Time (decimal year), Mass (Gt)
   2.0020417e+03   9.4868588e+02
   2.0021250e+03   9.5779570e+02
   2.0022083e+03   9.7236971e+02
   2.0022917e+03   9.8067823e+02
   2.0023750e+03   9.8732290e+02
   2.0024583e+03   9.5670570e+02
   2.0025417e+03   7.8256856e+02
   2.0026250e+03   6.5416293e+02
   2.0027083e+03   6.4421944e+02
   2.0027917e+03   6.9292275e+02
   2.0028750e+03   7.2251442e+02
   2.0029583e+03   7.8758523e+02
   2.0030417e+03   8.1966909e+02
   2.0031250e+03   8.4871249e+02
   2.0032083e+03   8.8786908e+02
   2.0032917e+03   9.3369257e+02
   2.0033750e+03   9.5912079e+02
   2.0034583e+03   9.0555121e+02
   2.0035417e+03   6.8692003e+02
   2.0036250e+03   5.2637424e+02
   2.0037083e+03   4.8313645e+02
   2.0037917e+03   5.3835183e+02
   2.0038750e+03   5.8367525e+02
   2.0039583e+03   6.1276129e+02
   2.0040417e+03   6.1864785e+02
   2.0041250e+03   6.2709655e+02
   2.0042083e+03   6.8128329e+02
   2.0042917e+03   7.1920657e+02
   2.0043750e+03   7.3734589e+02
   2.0044583e+03   6.9820706e+02
   2.0045417e+03   5.2871951e+02
   2.0046250e+03   3.7994563e+02
   2.0047083e+03   3.5246568e+02
   2.0047917e+03   3.8874303e+02
   2.0048750e+03   4.2557710e+02
   2.0049583e+03   4.3970590e+02
   2.0050417e+03   4.5771922e+02
   2.0051250e+03   5.2607605e+02
   2.0052083e+03   5.8360955e+02
   2.0052917e+03   6.1859961e+02
   2.0053750e+03   6.3808319e+02
   2.0054583e+03   5.9001586e+02
   2.0055417e+03   4.1867824e+02
   2.0056250e+03   2.0401800e+02
   2.0057083e+03   1.7885641e+02
   2.0057917e+03   1.9639895e+02
   2.0058750e+03   2.1936279e+02
   2.0059583e+03   2.6395774e+02
   2.0060417e+03   2.9005201e+02
   2.0061250e+03   3.1028827e+02
   2.0062083e+03   3.0970869e+02
   2.0062917e+03   3.1440408e+02
   2.0063750e+03   3.3866554e+02
   2.0064583e+03   3.2606540e+02
   2.0065417e+03   2.2174313e+02
   2.0066250e+03   2.6614725e+01
   2.0067083e+03  -1.9009760e+01
   2.0067917e+03  -1.1475444e+01
   2.0068750e+03  -5.1298269e+00
   2.0069583e+03   2.3505202e+00
   2.0070417e+03   3.5392770e+01
   2.0071250e+03   7.7369073e+01
   2.0072083e+03   8.6489661e+01
   2.0072917e+03   1.1258025e+02
   2.0073750e+03   1.2933942e+02
   2.0074583e+03   1.0021609e+02
   2.0075417e+03  -1.1997357e+02
   2.0076250e+03  -3.4674765e+02
   2.0077083e+03  -3.8836756e+02
   2.0077917e+03  -3.4923109e+02
   2.0078750e+03  -3.1399798e+02
   2.0079583e+03  -2.7185173e+02
   2.0080417e+03  -2.3317581e+02
   2.0081250e+03  -2.0902525e+02
   2.0082083e+03  -1.8814197e+02
   2.0082917e+03  -1.7165122e+02
   2.0083750e+03  -1.6607376e+02
   2.0084583e+03  -2.0908267e+02
   2.0085417e+03  -4.3676516e+02
   2.0086250e+03  -6.4803001e+02
   2.0087083e+03  -6.4987733e+02
   2.0087917e+03  -6.0461641e+02
   2.0088750e+03  -5.3323911e+02
   2.0089583e+03  -4.8165604e+02
   2.0090417e+03  -4.4922643e+02
   2.0091250e+03  -4.3108410e+02
   2.0092083e+03  -4.3055850e+02
   2.0092917e+03  -4.1650493e+02
   2.0093750e+03  -3.8353721e+02
   2.0094583e+03  -4.0143118e+02
   2.0095417e+03  -5.2330915e+02
   2.0096250e+03  -7.2071750e+02
   2.0097083e+03  -7.4526963e+02
   2.0097917e+03  -7.0858623e+02
   2.0098750e+03  -6.8320230e+02
   2.0099583e+03  -6.6228311e+02
   2.0100417e+03  -6.2044384e+02
   2.0101250e+03  -5.7913815e+02
   2.0102083e+03  -5.7100139e+02
   2.0102917e+03  -5.7341060e+02
   2.0103750e+03  -5.6782767e+02
   2.0104583e+03  -6.3656389e+02
   2.0105417e+03  -8.6007486e+02
   2.0106250e+03  -1.0943984e+03
   2.0107083e+03  -1.1719791e+03
   2.0107917e+03  -1.1497625e+03
   2.0108750e+03  -1.1361521e+03
   2.0109583e+03  -1.0858515e+03
   2.0110417e+03  -1.0633776e+03
   2.0111250e+03  -1.0266627e+03
   2.0112083e+03  -9.9793859e+02
   2.0112917e+03  -9.8578359e+02
   2.0113750e+03  -9.7636294e+02
   2.0114583e+03  -1.0150069e+03
   2.0115417e+03  -1.2573278e+03
   2.0116250e+03  -1.4945659e+03
   2.0117083e+03  -1.5223600e+03
   2.0117917e+03  -1.5016582e+03
   2.0118750e+03  -1.4669993e+03
   2.0119583e+03  -1.4442172e+03
   2.0120417e+03  -1.4150978e+03
   2.0121250e+03  -1.3829684e+03
   2.0122083e+03  -1.3458103e+03
   2.0122917e+03  -1.3086697e+03
   2.0123750e+03  -1.2894410e+03
   2.0124583e+03  -1.3608711e+03
   2.0125417e+03  -1.6572923e+03
   2.0126250e+03  -1.9617824e+03
   2.0127083e+03  -2.0061206e+03
   2.0127917e+03  -1.9619591e+03
   2.0128750e+03  -1.9183913e+03
   2.0129583e+03  -1.8896751e+03
   2.0130417e+03  -1.8621848e+03
   2.0131250e+03  -1.8236434e+03
   2.0132083e+03  -1.8053468e+03
   2.0132917e+03  -1.8036130e+03
   2.0133750e+03  -1.7672820e+03
   2.0134583e+03  -1.7851954e+03
   2.0135417e+03  -1.9255748e+03
   2.0136250e+03  -2.0924203e+03
   2.0137083e+03  -2.0625234e+03
   2.0137917e+03  -2.0156939e+03
   2.0138750e+03  -2.0008128e+03
   2.0139583e+03  -1.9651788e+03
   2.0140417e+03  -1.9416736e+03
   2.0141250e+03  -1.9069921e+03
   2.0142083e+03  -1.8957228e+03
   2.0142917e+03  -1.8650432e+03
   2.0143750e+03  -1.8409173e+03
   2.0144583e+03  -1.8722444e+03
   2.0145417e+03  -2.0546180e+03
   2.0146250e+03  -2.2665297e+03
   2.0147083e+03  -2.2877289e+03
   2.0147917e+03  -2.2485341e+03
   2.0148750e+03  -2.2335932e+03
   2.0149583e+03  -2.1791236e+03
   2.0150417e+03  -2.1459384e+03
   2.0151250e+03  -2.1112860e+03
   2.0152083e+03  -2.1061244e+03
   2.0152917e+03  -2.0919129e+03
   2.0153750e+03  -2.0745922e+03
   2.0154583e+03  -2.0862199e+03
   2.0155417e+03  -2.3058027e+03
   2.0156250e+03  -2.4882315e+03
   2.0157083e+03  -2.4968208e+03
   2.0157917e+03  -2.4423849e+03
   2.0158750e+03  -2.4048016e+03
   2.0159583e+03  -2.3826646e+03
   2.0160417e+03  -2.3554562e+03
   2.0161250e+03  -2.3392498e+03
   2.0162083e+03  -2.3110130e+03
   2.0162917e+03  -2.2821025e+03
   2.0163750e+03  -2.2648057e+03
   2.0164583e+03  -2.3053685e+03
   2.0165417e+03  -2.5661017e+03
   2.0166250e+03  -2.8130446e+03
   2.0167083e+03  -2.8610906e+03
   2.0167917e+03  -2.8018718e+03
   2.0168750e+03  -2.7246725e+03
   2.0169583e+03  -2.6945841e+03
   2.0170417e+03  -2.6563760e+03
   2.0171250e+03  -2.6183271e+03
   2.0172083e+03  -2.5955544e+03
   2.0172917e+03  -2.5843517e+03
   2.0173750e+03  -2.5459030e+03
   2.0174583e+03  -2.5853508e+03
   2.0175417e+03  -2.7154715e+03
   2.0176250e+03  -2.9153095e+03
   2.0177083e+03  -2.9184408e+03
   2.0177917e+03  -2.8690852e+03
   2.0178750e+03  -2.8168490e+03
   2.0179583e+03  -2.7945256e+03
   2.0180417e+03  -2.7704038e+03
   2.0181250e+03  -2.7227910e+03
   2.0182083e+03  -2.6787835e+03
   2.0182917e+03  -2.6642011e+03
   2.0183750e+03  -2.6361244e+03
   2.0184583e+03  -2.6317449e+03
   2.0185417e+03  -2.7211842e+03
   2.0186250e+03  -2.8658261e+03
   2.0187083e+03  -2.8803036e+03
   2.0187917e+03  -2.8514497e+03
   2.0188750e+03  -2.8251831e+03
   2.0189583e+03  -2.8031857e+03
   2.0190417e+03  -2.7731795e+03
   2.0191250e+03  -2.7640217e+03
   2.0192083e+03  -2.7504929e+03
   2.0192917e+03  -2.7017375e+03
   2.0193750e+03  -2.6777446e+03
   2.0194583e+03  -2.7729286e+03
   2.0195417e+03  -3.0453916e+03
   2.0196250e+03  -3.3436470e+03
   2.0197083e+03  -3.3920759e+03
   2.0197917e+03  -3.3653336e+03
   2.0198750e+03  -3.3345567e+03
   2.0199583e+03  -3.3037194e+03
